event 26578 0 1 200.0 0 0 1 0 0 0 90 922 0 42 0 0
event 27580 0 2 180.0 0 3 0 1 0 0 25 953 1 41 0 0
event 28961 0 2 160.0 0 3 0 1 0 0 27 953 1 41 0 0
event 38045 0 2 155.0 0 3 0 2 0 0 151 893 1 35 0 0
event 43546 0 2 135.0 0 3 0 1 0 0 38 582 1 32 0 0
event 45978 0 1 135.0 0 3 1 0 0 0 366 933 1 31 0 0
event 54562 0 2 131.0 0 9 0 1 0 0 32 465 2 25 0 0
event 56012 0 1 131.0 0 9 1 0 0 0 160 337 2 24 0 0
event 57033 0 4 147.0 0 27 0 0 0 0 184 349 3 23 0 0
event 12045 0 2 180.0 0 0 0 1 0 0 28 676 0 46 0 0
event 12976 0 2 160.0 0 0 0 1 0 0 27 676 0 46 0 0
event 13478 0 2 140.0 0 0 0 1 0 0 24 676 0 45 0 0
event 19776 0 1 140.0 0 0 1 0 0 0 323 907 0 43 0 0
event 30813 0 2 136.0 0 2 0 1 0 0 58 560 1 35 0 0
event 44143 0 1 136.0 0 2 1 0 0 0 130 961 1 27 0 0
event 28402 0 1 200.0 0 0 1 0 0 0 650 912 0 45 0 0
event 18914 0 1 200.0 0 0 1 0 0 0 504 923 0 41 0 0
event 80145 0 1 200.0 0 0 1 0 0 0 631 921 0 44 0 0
event 81848 0 2 180.0 0 6 0 1 0 0 14 951 1 42 0 0
event 83095 0 2 160.0 0 6 0 1 0 0 13 951 1 42 0 0
event 19260 0 2 195.0 0 0 0 2 0 0 82 916 0 45 0 0
event 23040 0 1 195.0 0 0 1 0 0 0 161 927 0 44 0 0
event 23044 0 2 195.0 0 5 0 2 0 0 163 927 1 44 0 0
event 30427 0 2 175.0 0 5 0 1 0 0 16 952 1 39 0 0
event 31458 0 2 155.0 0 5 0 1 0 0 15 952 1 39 0 0
event 37341 0 2 135.0 0 5 0 1 0 0 26 953 1 35 0 0
event 39360 0 2 115.0 0 5 0 1 0 0 22 953 1 33 0 0
event 15695 0 1 200.0 0 0 1 0 0 0 654 922 0 44 0 0
event 16717 0 4 200.0 0 5 0 0 0 0 285 947 1 43 0 0
event 16716 0 1 200.0 0 0 1 0 0 0 337 924 0 44 0 0
event 20452 0 2 180.0 0 7 0 1 0 0 51 578 1 41 0 0
event 21699 0 2 160.0 0 7 0 1 0 0 46 574 1 41 0 0
event 28718 0 2 140.0 0 7 0 1 0 0 30 722 1 36 0 0
event 35251 0 1 140.0 0 7 1 0 0 0 385 960 1 32 0 0
event 36268 0 4 156.0 0 11 0 0 0 0 164 964 2 31 0 0
event 45068 0 2 136.0 0 11 0 1 0 0 28 671 2 27 0 0
event 45583 0 2 116.0 0 11 0 1 0 0 63 693 2 27 0 0
event 41558 0 1 200.0 0 0 1 0 0 0 538 923 0 44 0 0
event 43329 0 2 180.0 0 5 0 1 0 0 18 513 1 42 0 0
event 44309 0 2 160.0 0 5 0 1 0 0 12 509 1 42 0 0
event 14483 0 1 200.0 0 0 1 0 0 0 820 923 0 44 0 0
event 18654 0 4 200.0 0 2 0 0 0 0 741 923 1 41 0 0
event 25812 0 5 200.0 0 2 0 0 0 0 66 838 1 39 0 1
event 30535 0 1 200.0 0 2 1 0 0 0 321 959 1 37 0 1
event 32739 0 2 180.0 0 8 0 1 0 0 19 712 2 35 0 0
event 33851 0 2 160.0 0 8 0 1 0 0 12 707 2 35 0 0
event 34989 0 2 140.0 0 8 0 1 0 0 35 658 2 34 0 0
event 37117 0 1 140.0 0 8 1 0 0 0 400 394 2 33 0 0
event 38560 0 4 156.0 0 26 0 0 0 0 310 359 3 32 0 0
event 46275 0 2 136.0 0 26 0 1 0 0 64 218 3 26 0 0
event 46787 0 2 116.0 0 26 0 1 0 0 7 331 3 26 0 0
event 49168 0 1 116.0 0 26 1 0 0 0 305 355 3 25 0 0
event 50174 0 4 132.0 0 54 0 0 0 0 233 343 4 24 0 0
event 52238 0 5 132.0 0 54 0 0 0 0 219 522 4 22 0 1
event 54752 0 3 132.0 0 54 0 0 0 50400 553 58 4 21 0 1
event 11889 0 1 200.0 0 0 1 0 0 0 574 924 0 46 0 0
event 13026 0 4 200.0 0 4 0 0 0 0 504 931 1 45 0 0
event 13395 0 1 200.0 0 0 1 0 0 0 851 924 0 44 0 0
event 15664 0 4 200.0 0 3 0 0 0 0 677 922 1 42 0 0
event 26780 0 2 195.0 0 3 0 2 0 0 357 620 1 36 0 0
event 31920 0 2 190.0 0 3 0 2 0 0 265 693 1 33 0 0
event 35578 0 5 190.0 0 3 0 0 0 0 64 644 1 30 0 1
event 37229 0 1 190.0 0 3 1 0 0 0 216 940 1 30 0 1
event 42212 0 1 200.0 0 11 1 0 0 0 421 362 2 27 0 0
event 49982 0 2 180.0 0 20 0 1 0 0 21 355 3 21 0 0
event 51062 0 2 160.0 0 20 0 1 0 0 16 351 3 21 0 0
event 52312 0 2 140.0 0 20 0 1 0 0 55 161 3 20 0 0
event 54748 0 2 120.0 0 20 0 1 0 0 60 456 3 18 0 0
event 56313 0 1 120.0 0 20 1 0 0 0 151 350 3 18 0 0
event 62951 0 3 136.0 0 44 0 0 0 59173 155 52 4 13 0 0
event 73263 1 1 136.0 44 0 1 0 0 0 206 921 4 44 0 0
event 85531 1 2 112.0 44 65 0 1 0 0 41 815 5 35 0 0
event 87131 1 2 92.0 44 65 0 1 0 0 29 738 5 34 0 0
event 88831 1 1 92.0 44 65 1 0 0 0 270 962 5 34 0 0
event 91199 1 4 108.0 44 95 0 0 0 0 346 956 6 32 0 0
event 94598 1 2 103.0 44 95 0 2 0 0 296 564 6 30 0 0
event 95815 1 5 103.0 44 95 0 0 0 0 116 449 6 29 1 1
event 100012 1 1 103.0 44 95 1 0 0 0 402 392 6 26 0 1
event 101535 1 4 119.0 44 193 0 0 0 0 456 359 7 25 0 0
event 108113 1 1 119.0 44 193 1 0 0 0 624 304 7 21 0 0
event 109131 1 4 135.0 44 257 0 0 0 0 650 322 8 20 0 0
event 110964 1 5 135.0 44 257 0 0 0 0 256 568 8 19 1 1
event 113731 1 3 135.0 44 257 0 0 0 46300 445 50 8 17 0 1
event 125847 2 1 135.0 301 0 1 0 0 0 729 919 8 39 0 0
event 126864 2 4 151.0 301 108 0 0 0 0 768 943 9 38 0 0
event 127765 2 2 146.0 301 108 0 2 0 0 510 750 9 37 0 0
event 131380 2 1 146.0 301 108 1 0 0 0 411 946 9 35 0 0
event 132885 2 4 162.0 301 238 0 0 0 0 475 949 10 34 0 0
event 136067 2 5 162.0 301 238 0 0 0 0 95 616 10 27 2 2
event 136834 2 2 122.0 301 238 0 1 0 0 21 541 10 26 0 2
event 142230 2 1 122.0 301 238 1 0 0 0 369 336 10 23 0 0
event 146366 2 2 118.0 301 359 0 1 0 0 35 108 11 20 0 0
event 150915 2 1 118.0 301 359 1 0 0 0 489 343 11 17 0 0
event 158285 2 5 134.0 301 575 0 0 0 0 78 137 12 7 2 2
event 159286 2 3 134.0 301 575 0 0 0 42486 117 21 12 6 0 2
game 876 161115 43 2017-03-01;12:19:59
