4763,105,24343
event 8755 0 1 200.0 0 1 1 0 0 0
event 14327 0 2 195.0 0 6 0 2 0 0
event 21835 0 1 195.0 0 6 1 0 0 0
event 26823 0 1 200.0 0 30 1 0 0 0
event 28092 0 3 200.0 0 150 0 0 0 23241
game 450 33064 29event 6897 0 1 200.0 0 1 1 0 0 0
event 10033 0 2 195.0 0 10 0 2 0 0
event 15905 0 1 195.0 0 10 1 0 0 0
event 20360 0 1 200.0 0 50 1 0 0 0
event 22996 0 2 180.0 0 500 0 1 0 0
event 24297 0 2 160.0 0 500 0 1 0 0
event 25100 0 2 140.0 0 500 0 1 0 0
event 25750 0 2 120.0 0 500 0 1 0 0
event 26266 0 2 100.0 0 500 0 1 0 0
event 26773 0 2 80.0 0 500 0 1 0 0
event 28719 0 2 60.0 0 500 0 1 0 0
event 29236 0 2 40.0 0 500 0 1 0 0
event 32612 0 2 20.0 0 500 0 1 0 0
event 38796 0 2 0.0 0 500 0 1 0 0
game 0 38803 29
event 5009 0 2 195.0 0 1 0 2 0 0
event 7729 0 2 190.0 0 1 0 2 0 0
event 14403 0 1 190.0 0 1 1 0 0 0
event 16039 0 2 195.0 0 5 0 2 0 0
event 19358 0 1 195.0 0 5 1 0 0 0
event 31704 0 1 200.0 0 50 1 0 0 0
event 6056 0 1 200.0 0 1 1 0 0 0
event 8860 0 2 195.0 0 9 0 2 0 0
event 17300 0 1 195.0 0 9 1 0 0 0
event 18953 0 2 180.0 0 45 0 1 0 0
event 19460 0 2 160.0 0 45 0 1 0 0
event 20004 0 2 140.0 0 45 0 1 0 0
event 20505 0 2 120.0 0 45 0 1 0 0
event 21021 0 2 100.0 0 45 0 1 0 0
event 21526 0 2 80.0 0 45 0 1 0 0
event 24092 0 2 60.0 0 45 0 1 0 0
event 27712 0 2 40.0 0 45 0 1 0 0
event 30114 0 2 20.0 0 45 0 1 0 0
event 33834 0 2 0.0 0 45 0 1 0 0
game 0 33840 28
event 10505 0 1 200.0 0 1 1 0 0 0
event 14792 0 1 200.0 0 6 1 0 0 0
event 17279 0 2 195.0 0 30 0 2 0 0
event 20182 0 2 190.0 0 30 0 2 0 0
event 24121 0 2 170.0 0 30 0 1 0 0
event 24622 0 2 150.0 0 30 0 1 0 0
event 25136 0 2 130.0 0 30 0 1 0 0
event 25637 0 2 110.0 0 30 0 1 0 0
event 26740 0 2 90.0 0 30 0 1 0 0
event 27257 0 2 70.0 0 30 0 1 0 0
event 27762 0 2 50.0 0 30 0 1 0 0
event 29326 0 2 30.0 0 30 0 1 0 0
event 29841 0 2 10.0 0 30 0 1 0 0
event 8372 0 2 195.0 0 1 0 2 0 0
event 16078 0 1 195.0 0 1 1 0 0 0
event 18982 0 2 195.0 0 9 0 2 0 0
event 26139 0 2 190.0 0 9 0 2 0 0
event 28841 0 1 190.0 0 9 1 0 0 0
event 31712 0 2 180.0 0 54 0 1 0 0
event 32345 0 2 160.0 0 54 0 1 0 0
event 32862 0 2 140.0 0 54 0 1 0 0
event 33996 0 2 120.0 0 54 0 1 0 0
event 34499 0 2 100.0 0 54 0 1 0 0
event 35000 0 2 80.0 0 54 0 1 0 0
event 5494 0 2 180.0 0 1 0 1 0 0
event 5995 0 2 160.0 0 1 0 1 0 0
event 7397 0 2 140.0 0 1 0 1 0 0
event 7898 0 2 120.0 0 1 0 1 0 0
event 9699 0 2 100.0 0 1 0 1 0 0
event 10200 0 2 80.0 0 1 0 1 0 0
event 11066 0 2 60.0 0 1 0 1 0 0
event 11567 0 2 40.0 0 1 0 1 0 0
event 12738 0 2 20.0 0 1 0 1 0 0
event 13254 0 2 0.0 0 1 0 1 0 0
game 0 13265 26
event 6670 0 1 200.0 0 1 1 0 0 0
event 38303 0 2 180.0 0 5 0 1 0 0
event 39453 0 2 160.0 0 5 0 1 0 0
event 40378 0 2 140.0 0 5 0 1 0 0
event 40890 0 2 120.0 0 5 0 1 0 0
event 41907 0 2 100.0 0 5 0 1 0 0
event 42425 0 2 80.0 0 5 0 1 0 0
event 45161 0 2 60.0 0 5 0 1 0 0
event 49264 0 1 60.0 0 5 1 0 0 0
event 51469 0 2 50.0 0 40 0 1 0 0
event 51985 0 2 30.0 0 40 0 1 0 0
event 60143 0 2 10.0 0 40 0 1 0 0
event 61362 0 2 5.0 0 40 0 2 0 0
event 65800 0 2 0.0 0 40 0 2 0 0
game 0 65811 36
