event 26578 0 1 200.0 0 0 1 0 0 0 90 922 0 42 0 0
event 27580 0 2 180.0 0 3 0 1 0 0 25 953 1 41 0 0
event 28961 0 2 160.0 0 3 0 1 0 0 27 953 1 41 0 0
event 38045 0 2 155.0 0 3 0 2 0 0 151 893 1 35 0 0
event 43546 0 2 135.0 0 3 0 1 0 0 38 582 1 32 0 0
event 45978 0 1 135.0 0 3 1 0 0 0 366 933 1 31 0 0
event 54562 0 2 131.0 0 9 0 1 0 0 32 465 2 25 0 0
event 56012 0 1 131.0 0 9 1 0 0 0 160 337 2 24 0 0
event 57033 0 4 147.0 0 27 0 0 0 0 184 349 3 23 0 0
event 12045 0 2 180.0 0 0 0 1 0 0 28 676 0 46 0 0
event 12976 0 2 160.0 0 0 0 1 0 0 27 676 0 46 0 0
event 13478 0 2 140.0 0 0 0 1 0 0 24 676 0 45 0 0
event 19776 0 1 140.0 0 0 1 0 0 0 323 907 0 43 0 0
event 30813 0 2 136.0 0 2 0 1 0 0 58 560 1 35 0 0
event 44143 0 1 136.0 0 2 1 0 0 0 130 961 1 27 0 0
event 28402 0 1 200.0 0 0 1 0 0 0 650 912 0 45 0 0
event 18914 0 1 200.0 0 0 1 0 0 0 504 923 0 41 0 0
event 80145 0 1 200.0 0 0 1 0 0 0 631 921 0 44 0 0
event 81848 0 2 180.0 0 6 0 1 0 0 14 951 1 42 0 0
event 83095 0 2 160.0 0 6 0 1 0 0 13 951 1 42 0 0
event 19260 0 2 195.0 0 0 0 2 0 0 82 916 0 45 0 0
event 23040 0 1 195.0 0 0 1 0 0 0 161 927 0 44 0 0
event 23044 0 2 195.0 0 5 0 2 0 0 163 927 1 44 0 0
event 30427 0 2 175.0 0 5 0 1 0 0 16 952 1 39 0 0
event 31458 0 2 155.0 0 5 0 1 0 0 15 952 1 39 0 0
event 37341 0 2 135.0 0 5 0 1 0 0 26 953 1 35 0 0
event 39360 0 2 115.0 0 5 0 1 0 0 22 953 1 33 0 0
event 15695 0 1 200.0 0 0 1 0 0 0 654 922 0 44 0 0
event 16717 0 4 200.0 0 5 0 0 0 0 285 947 1 43 0 0
event 16716 0 1 200.0 0 0 1 0 0 0 337 924 0 44 0 0
event 20452 0 2 180.0 0 7 0 1 0 0 51 578 1 41 0 0
event 21699 0 2 160.0 0 7 0 1 0 0 46 574 1 41 0 0
event 28718 0 2 140.0 0 7 0 1 0 0 30 722 1 36 0 0
event 35251 0 1 140.0 0 7 1 0 0 0 385 960 1 32 0 0
event 36268 0 4 156.0 0 11 0 0 0 0 164 964 2 31 0 0
event 45068 0 2 136.0 0 11 0 1 0 0 28 671 2 27 0 0
event 45583 0 2 116.0 0 11 0 1 0 0 63 693 2 27 0 0
